,x0,x1,x2,x3,x4,x5,x6,x7,x8,x9,x10,x11,x12,x13,x14,x15,x16,x17,x18,x19,f1,f2
0,0.0,0.6026569110444263,0.37451749992720834,0.6611539143310718,0.3403618028479492,0.7658231040139255,0.060493760851819206,0.3679505232229889,0.8909769566883832,0.28351424680331205,0.7279703361525506,0.7835301776401037,0.21935711956542678,0.3701401174992277,0.36925603699224535,0.27472010176718525,0.3552567600780248,0.2664911195857731,0.3030425689063227,0.29256899311879864,7.929283433587733,1025.7525304884769
1,0.0,0.831814347749311,0.857485626010409,0.3806740518613127,0.8805797945166902,0.9352886304478003,0.20848787780787117,0.37687739938836556,0.8577332092804675,0.22325513676228734,0.5812046097101835,0.34416035679869417,0.16743197163113938,0.7504727895626401,0.7673942660486446,0.16783413094692923,0.2490675339886514,0.06159892244551346,0.05672329592283985,0.31446172417088736,41.94270397955507,1269.9508892577946
2,0.31619803427572346,0.325346011059311,0.8448235724201107,0.36992565183286497,0.04365382783859297,0.18556963206158586,0.005647608521848082,0.7323393241552745,0.8121502618218355,0.7570915549925098,0.459013298383577,0.23303114446994763,0.710647219454733,0.07420716541469252,0.08061126137069831,0.6607044724236766,0.790337451745732,0.020455512439233835,0.8750347713755293,0.42366626619951236,397.5520934709679,680.6016340166326
3,0.47928619568833425,0.4175913104764105,0.6884023402572605,0.8937330674269586,0.35915762747730556,0.6249026886534095,0.11811306271161093,0.5922838287461866,0.4094142242082954,0.08064837277425352,0.38679594299617803,0.9863765335606877,0.8723205799541733,0.03150825470795328,0.20194250272209022,0.7311033848315424,0.567127085400435,0.010726500423678906,0.93054307437327,0.9284652039566803,506.62154323014255,304.70879976085956
4,0.13340790752243653,0.6587207280298858,0.7444981069139248,0.5257466632812344,0.8970041500995978,0.8479299566710664,0.369291754002258,0.7128728400127621,0.35031163099452,0.7131370908787635,0.40300364748533435,0.619930855079978,0.14182426067127196,0.7692017275118104,0.8143815931302119,0.2932213675864026,0.3256929265554122,0.9630704669798268,0.6847443271648409,0.8416215363542826,143.7522879108996,860.6054082289073
5,0.7235439770687271,0.2768703885343618,0.17568059013725645,0.8840166746800939,0.2516686806846804,0.33091699051772805,0.1364312400514407,0.9752562908389147,0.006259778575572611,0.7098550306130444,0.7081231140076925,0.006025125317606834,0.6941263994403576,0.7393725995352007,0.43737826050365464,0.543615750610097,0.3429785712586506,0.46646416499607735,0.698251112099191,0.3686198327227732,984.1690698594598,106.68840636734625
6,0.8249613970869576,0.6085286008344618,0.41999745921638765,0.10555158696881338,0.5560452314396843,0.2489127665168373,0.8839345529855943,0.427568002089593,0.5315940771201121,0.6746084067168534,0.14437793401214968,0.9006487414630556,0.9836339866410907,0.40111784237832204,0.7269306078483038,0.027160334231745457,0.13769046106075006,0.4179209062757009,0.8488313581167335,0.5576463760899875,1031.5602211288676,48.13269614945017
7,0.5051635367657428,0.6195235062644511,0.4234112897447399,0.5309577113084426,0.03307591190881739,0.1542966588093977,0.6852497496862173,0.38093975197814134,0.4877905633197941,0.9059649850201857,0.665880496879277,0.4901585270076556,0.6578994535913084,0.7068235960810245,0.5415827705384659,0.38242242312773894,0.8473830685199751,0.2504250129739686,0.22525772630428503,0.6296734797690045,736.7252350694616,374.48062393702156
8,0.0,0.6810982124407723,0.6369459644610295,0.01468919982422291,0.7747806507699103,0.2892697151521708,0.6082201220475659,0.9247860638826203,0.3097362594872418,0.3964923274360257,0.8636605543305274,0.2974729998685598,0.3310895058340659,0.3516784394755689,0.4826431411070193,0.4349116641630934,0.8156360599952845,0.8653150615920412,0.3149255628147997,0.6634116697057272,24.458789369627137,922.6785724150919
9,0.797321253408223,0.34386099931502273,0.31215872695835334,0.2575819203272248,0.06060537333647268,0.2067647197160822,0.9503282730926056,0.607470637639934,0.18567270524438176,0.37505350452457675,0.5755839119247833,0.8820579087403786,0.4357163866569084,0.8819472921627602,0.41191289720843943,0.987918808217018,0.10840541288035305,0.2222582222897966,0.04777265352912816,0.5349247989830078,858.8611944614312,50.94749453846973
10,0.397622306741591,0.4246872132887085,0.7842715529843797,0.3203556763960416,0.44884200297752497,0.7176023846665412,0.5652717579278264,0.48879461279146,0.17548532584405557,0.8458417173019153,0.8055131025808726,0.05084371023734099,0.5791643778622022,0.09337825701253498,0.01855957048354229,0.3748287809673774,0.12479368317183515,0.3296098453006085,0.25295578187451334,0.6492618743048798,517.4898665409402,525.4037443191654
11,0.29750657249083085,0.7338137760031233,0.5018248422838799,0.43950089131930836,0.5456711746526283,0.8244434349202157,0.5202072368181399,0.875177427534065,0.6148456284592727,0.0008651427469300776,0.3553322315623665,0.45571249714504236,0.031313595461964244,0.479823514693408,0.7153121422197039,0.4447052245168069,0.3811479342627978,0.15910956607172194,0.5560280646907264,0.8735892454730996,405.55505354136324,784.0608008207729
12,0.6472824350182689,0.588356686488955,0.3409919639771239,0.5518953166386159,0.30076081961384493,0.05392888475969777,0.8621408850711101,0.686797935149303,0.13019430553182657,0.46387721682811595,0.7928701007025641,0.5672991917257019,0.12532307531158782,0.4551129725413112,0.7901244292178939,0.8931339099737989,0.26452791833553646,0.5667056795837306,0.7047736891439114,0.036568941528207256,952.1866216578744,183.12568726018682
13,0.0,0.695447568337766,0.6290143958868912,0.2782368864371951,0.20886549841819307,0.11188871128822504,0.3265006033169268,0.9026124971577819,0.5183631326321977,0.3477245946833831,0.33107741953878,0.874645364606177,0.414183791158576,0.14771821207939084,0.2954223376690845,0.8338374120541207,0.9995597406585478,0.35372747589939724,0.19959191318737968,0.5008239118834565,44.56460945917897,771.8444537872937
14,0.308460608742792,0.5242284011219274,0.015391245748967795,0.37878558978970955,0.8764022832078409,0.7567789078233766,0.0702891472546761,0.47179313107393833,0.20798357578280505,0.9962255929587127,0.9107682536976662,0.4645516656469007,0.9957950603083812,0.5091518000115145,0.6121579401189381,0.09738871917951317,0.14538530425563193,0.4499185616050035,0.6120511713927964,0.7521718597892333,339.1157042176711,610.4590633980675
15,0.31890882301906476,0.5585312555237977,0.0725620186005395,0.3355741577026621,0.14001247067396913,0.8312008146072817,0.815941547396154,0.8487787206331143,0.6908463417729643,0.3536968380429314,0.3497977316512171,0.31870936849987924,0.82117152902389,0.270658941776299,0.25819465534337066,0.39252518012430443,0.36002645555712254,0.7422648761188654,0.2090976171149273,0.5686785965024663,450.64257553868634,758.0622115995952
16,0.6936685952284093,0.4389874632982158,0.8967493743623908,0.8522283053052607,0.5814695914704254,0.7060945075999376,0.14073231871656086,0.013539569260427979,0.9392285036127714,0.2114105279563161,0.04431643633970837,0.27157013920873685,0.5682823466327587,0.9558630432927028,0.6663247887634679,0.6387354011912452,0.6669895215742049,0.8955731306248355,0.5861296955967538,0.9628432702329083,986.7285951328917,134.6335496241296
17,0.5472601946725104,0.7002076898241367,0.06825178965375703,0.3445871017457444,0.3972058351815945,0.5168047503581549,0.4383592132454584,0.7492487175590387,0.5717438472410806,0.3330968843524494,0.37600707297554137,0.8135115526019618,0.8562384444969487,0.013634407832744132,0.006565293674131464,0.339969057900935,0.5260049310069991,0.5426252693143755,0.0813276107685576,0.3723324792118626,791.4398566269944,304.6111680830842
18,0.34188965189322384,0.4845332542444947,0.3587532065626645,0.712713243939787,0.40544431537369924,0.030270509080929306,0.4963315690518859,0.8909052076490873,0.3686606198265176,0.013816643956051184,0.19622411212910373,0.01265310636996565,0.4694120946349044,0.8042268129697898,0.8260499673611958,0.21401360334258304,0.04536085036918708,0.9594620365202171,0.8922813602917291,0.09105742514570161,313.1665707111965,454.21498139480576
19,0.26485971614966264,0.2538840235374098,0.1307276008815374,0.9231811021420364,0.016732959047804093,0.1607826688367559,0.9204476691590636,0.17196050568587196,0.9698161082842145,0.6536095868316384,0.13742379535599802,0.38123466114783655,0.29268210313638016,0.3324859649380011,0.14629357078618915,0.6152552485631324,0.41855359359496974,0.176786241143024,0.9728844486840845,0.706764822037929,334.59000182493975,801.9054321445665
20,0.6269068767221117,0.6339489815798866,0.4710854247391521,0.06158177049217128,0.4314451449470347,0.231731111078762,0.010582942124608273,0.5872600942465299,0.14306478763037075,0.04927071382710436,0.6056764957540598,0.20593260449711692,0.8810713038417451,0.5139786647933322,0.21948277541118674,0.7036231446620658,0.9307297908089748,0.7222926826167476,0.1812733114403705,0.6769497191276973,766.9768327446819,170.69067544230865
21,0.09252422527999427,0.4157492661246162,0.0024504798828607712,0.04630567042387939,0.6056522938362823,0.4163180934049293,0.21535598609600556,0.4397763474794247,0.011426092348793195,0.762700538525826,0.781817974799098,0.7065853369163714,0.8916466860263464,0.7402755987803468,0.34533638010661094,0.26268418681630085,0.8805762332443905,0.3080915225169623,0.1433338919979123,0.13939523179210972,109.80710290349136,894.2197726225945
22,0.2534232180445102,1.0,0.3930041118189612,0.7488238488350606,0.8627264339737182,0.31747784430538784,0.85970650454567,0.7503600000789891,0.8332880352255404,0.2950413375464009,0.09032380332498118,0.06352310661950789,0.835227362392645,0.9744941724736766,0.5812046738071494,0.03425536706070352,0.914252107842528,0.8788288311523121,0.8808498824379503,0.9107280873276627,298.05841447457294,770.8851294679645
23,0.5729958299283928,0.9396681101919483,0.8739317859991712,0.39402103513352804,0.688033847468067,0.4590960747910737,0.5704885136082983,0.9867570027886597,0.668278799005953,0.5678984788211402,0.08956165105561271,0.09744107357444093,0.3298697431091196,0.6580832318634307,0.1581158996564319,0.67154266045296,0.6545268977944163,0.851950578786635,0.9104555339578986,0.411369950822705,833.5112315658025,269.7084108449444
24,0.2593501321011887,0.5994685608949969,0.4349150561268771,0.05081621584586591,0.1645055120671099,0.22460476381513514,0.3711095150491114,0.05834379081182686,0.6816853833464104,0.7367921315407545,0.05975354188541773,0.7338914093509014,0.9347911458061513,0.593218377646651,0.056113911686854125,0.45682966798933683,0.9419801847836774,0.48311576031167763,0.7563741672253713,0.2815489198586809,386.76468283632283,961.5341642817572
25,0.6352238096984908,0.8176002703864916,0.2391029868856081,0.9508669676899633,0.11831444741722093,0.5284130114164964,0.16668979355125124,0.8502633874974371,0.9806878847043459,0.14799900515457132,0.43072033024789724,0.5780002812810967,0.7592656943050063,0.16203547257313497,0.5962893876161592,0.22839199673421037,0.6026460707544894,0.4394900824814597,0.8113710425169863,0.4962988301146116,993.4008405279924,208.36051042755133
26,0.5419640098826635,0.8071431716226861,0.27006260205668237,0.9420667470059465,0.41826482418454003,0.43464601827493393,0.8272383304167747,0.8044521310492954,0.47717003118955187,0.7863268567572974,0.8423106323323367,0.7680471922819065,0.42245670650257955,0.8987290433822495,0.9876438665233654,0.5669666583933131,0.8569925165233029,0.1253330171563136,0.6707502477809711,0.6068033890176956,769.044694619735,306.6421297220092
27,0.04643986827003366,0.4993335431396434,0.44204848345884523,0.48402951194821103,0.24792083504610868,0.19098633799908274,0.3981280097206329,0.03790721095936789,0.39916930855255783,0.5830109295596599,0.6204385973781414,0.8686704707259482,0.07027115532504419,0.12370265785940035,0.9563338855274168,0.9586574553354603,0.028808285361977038,0.738679370812131,0.39271523094518324,0.21816989542867535,79.96225791739427,936.7788049247272
28,0.4754023077248401,0.8898254285694935,0.036905598889204604,0.5151539401015867,0.7908304425386248,0.02010618571712323,0.7200280736526311,0.6724350419477614,0.2582400543665534,0.17824646518701867,0.9248993892265912,0.40443389317044576,0.7666870687994538,0.8524085180493837,0.10602679074146698,0.13996634486638548,0.754223437911157,0.8014584025693753,0.11652520277088442,0.23526305154597527,650.3180138499614,401.08330093707247
29,0.09835531565763811,0.49255569179880376,0.2587443481058476,0.7815412250055854,0.2909755724605544,0.002984174339915553,0.6985477953479765,0.19725576305958664,0.07184477524806401,0.3090717494085038,0.8840294495083292,0.6555569897314603,0.4855822472826695,0.6836089192449428,0.519050325247566,0.1541449094267547,0.7628178812469685,0.0004090948129045302,0.2498663021563908,0.8145103323257618,88.92588103701553,692.5157842419202
30,0.025885597325623566,0.5818243584625122,0.49934713576151757,0.49902609482114335,0.7672104098624013,0.8110103328793802,0.1520070202374706,0.9924480349568258,0.7163747794765536,0.825130601159548,0.7527705145116208,0.10291469922259955,0.00011825877795786255,0.21699941644970092,0.5725301791587074,0.18466192676299067,0.8724210085618562,0.6566987454679206,0.4912531905596165,0.25834715847197093,59.563054036436036,825.9061424623685
31,0.4676407478475012,0.47098011224384806,0.05548280091748258,0.8192619187433858,0.5354875693815295,0.8983917946217517,0.12311200422531142,0.003301138187887146,0.5874529673125262,0.9834928335049349,0.47417612079012295,0.4147639886806788,0.9149570975019488,0.08566468091277811,0.9906547244728272,0.34523378004173305,0.6135837669855183,0.45614757655497756,0.734967938091968,0.9490034789230009,606.2605166910132,393.1198340564797
32,0.371623379949051,0.5330938273232745,0.24800149524809983,0.30474405291613516,0.3215158921438457,0.508376175853684,0.7324562235162976,0.08507019693722379,0.7500021190358952,0.19164479483289468,0.8980598881404613,0.22304071524326702,0.6413434009244081,0.2351215258991428,0.5054632589074783,0.20463232625562944,0.05235196998016293,0.3146666983088542,0.9227324585716137,0.7684621790975743,428.3683070930726,513.4844591025999
33,0.5299939289748403,1.0,0.6591250664667901,0.28540795742374014,0.08141127073776505,0.8511667166015706,0.5533757311121245,0.7293603188148597,0.6229395501473033,0.6295614583735878,0.06121979167620741,0.1479008297282364,0.5879222459357356,0.29177899986949096,0.45556440570608453,0.3217190952550332,0.0173887952767909,0.2780229750203241,0.15623521426661627,0.9519071211208208,846.1628765627105,365.30689972833
34,0.40598228638589623,0.4559354744724664,0.1218036473668846,0.20580237326940407,0.6418022066456269,0.36094993335995884,0.28799011921576256,0.557113757915787,0.26914025438445865,0.3286524112243011,0.2631633773601841,0.8979632298272928,0.40224891611134306,0.46389154393922527,0.04239283757030619,0.7518492590062135,0.0046921871624204525,0.7894671820210498,0.5356950949367295,0.8839479845569717,558.1837982011281,537.2706161716675
35,0.3437668473121577,0.6866341022735334,0.7052807318303148,0.685518315552257,0.3884147090950003,0.8068183993020644,0.7535131068830345,0.3506701187707223,0.7822565329682627,0.612501435218484,0.8583515715769978,0.43940209972001465,0.4480597208293392,0.34109147046769694,0.33426815686251793,0.4003341503089174,0.6934964194551777,0.6175137859935534,0.2868921714669929,0.19857076534098322,366.70005291676085,525.4797817874844
36,0.0,0.6611508703196418,0.833979774854597,0.8387154834110191,0.6367366691147389,0.78338718126466,0.31560628920987804,0.12202982734707099,0.028024232674945554,0.5232357454179934,0.7661700367605684,0.3515681610597621,0.7317381657659658,0.6491368565117278,0.2732312865500413,0.19473243179232103,0.06386745828787549,0.19102532706266215,0.5111738452266318,0.44960397370052735,55.121630993515744,1093.8546918177638
37,0.45404480702800565,0.24466854723894066,0.8159468444642696,0.6330850141753882,0.4580024215120808,0.47384938789395736,0.38973725552836164,0.21704332403709362,0.3789875932206998,0.3696619884557569,0.64070846576274,0.5842666909589932,0.8437424736599052,0.9654124536783845,0.7429175825143958,0.5871524147897048,0.7464770798592919,0.18817584015840397,0.7913930056012727,0.2047962846089566,616.5614265825523,436.35305403775783
38,0.21487486260893962,0.5190312677311897,0.9701112898319256,0.8214641881187734,0.9791795941625483,0.49034323806561514,0.18985594471355804,0.698296565528851,0.5012052004295883,0.1693870526402714,0.10594161227866372,0.646463150032874,0.5065538030319466,0.6241983429595249,0.230337191094702,0.12255815646104487,0.19281961301539827,0.9394023576825703,0.7885029406137063,0.48329171608197063,183.0790487643918,614.6573933838747
39,0.17876206913501744,0.7156803300839972,0.5313550970884069,0.07940450800909589,0.503753283770584,0.14468830233010746,0.6174576411932883,0.5674012692297569,0.7415365697891297,0.11506981408808219,0.12249558232047059,0.13086840016843745,0.3059167928082972,0.4461280343785766,0.39476268416199,0.7611351803623009,0.7813037470596187,0.373525819910862,0.2732339749261941,0.4559075200602452,196.7097377309822,849.1105706852948
40,0.38984656688029024,0.9088504911646533,0.3649343773122881,0.12505463785582174,0.7395562335716637,0.5596617878942969,0.8770354021891592,0.4906316565604152,0.645527179756932,0.05911570241530412,0.4488183227939775,0.9404915404833757,0.0410539943947916,0.7208009356381916,0.49650491859311346,0.3181386894566011,0.4439001694144545,0.40908469612825915,0.48959409383820807,0.4630318244322388,606.7572554364897,647.3867086569489
41,0.49976557534207655,0.5921910233093628,0.9872598305600283,0.97481284374612,0.42828371696590634,0.6838343907806778,0.801730834515086,0.3227984174515698,0.9448514002804701,0.0911494190533568,0.23420977464731035,0.6640328445391452,0.06083483265650459,0.22976186316650213,0.5270577279315435,0.4626609717986176,0.5531082951652837,0.5088827896348044,0.07924234381839339,0.2219639898606657,680.8631903798387,358.5014422725601
42,0.3654061544714042,0.639525835091371,0.5155465524889414,0.09980068719347275,0.96213083971507,0.011359511223243246,0.674085050969424,0.25973138436790993,0.28635678511019386,0.3141988501432151,0.07001205102627464,0.7485832360360588,0.3192251821481279,0.10078129753830302,0.07543668496191112,0.8092876712242381,0.7747014594675548,0.6782548361290813,0.903131663520876,0.7773626999740902,365.50185478012264,455.90254057487533
43,0.15915084222471337,0.7220803954753447,0.8233783487276135,0.16707854264087915,0.8503441974854266,0.4844354699785827,0.4646790647670687,0.7064293185599199,0.5631792311785785,0.914952899943047,0.2576153064494906,0.8254324223563969,0.4913982381793402,0.3019893885534418,0.8602992122320042,0.3099450167386503,0.8085539916505142,0.52190387798687,0.6680227675417476,0.8299496153178826,166.01494719809202,824.0890140416805
44,0.57813012172406,0.31331952532885915,0.18119818500193474,0.9840711336537973,0.6201371918989983,0.38586293220875184,0.7445214068820408,0.1542019509810441,0.9016468317830915,0.03689664608059755,0.6921008191405551,0.08602069749454647,0.47420925153593574,0.9942635130295024,0.9750813651459964,0.04594258872284444,0.5030785080973293,0.8473933786338775,0.8279032908560938,0.0490774111867677,794.5048591545174,248.24995836981267
45,0.2897591609055399,0.7285685608585025,0.3084438641675973,0.22525365658723118,0.9310536542810529,0.1779268849867629,0.9874716176844908,0.864174194086702,0.11982462723246547,0.9393848854761819,0.21073912389900445,0.5234317579351979,0.7977676564799911,0.49265671309804776,0.40270134248893635,0.5507951972194145,0.8996302662030874,0.2930976133711394,0.1060719024540311,0.571116055156967,262.27086963928554,533.4061477101608
46,0.6110115201588677,0.7543047981161161,0.09473682395296006,0.17009139386779157,0.2321823449154741,0.25371682376294735,0.2244937326817675,0.5316370898073888,0.9775876038764187,0.5069858330441512,0.5309335722617816,0.47984320676803505,0.38102321575527864,0.32464286220804434,0.6966249992245902,0.3690014672130106,0.08830310354508578,0.6209410625483149,0.00551177992036416,0.16181254874874645,724.0108813290301,180.2361766138994
47,0.1933170196403465,0.3684261648369272,0.29159931168282255,0.24853453742516637,0.2657193698055117,0.795464945337941,0.9939341788727283,0.9487305012375046,0.4524065165830667,0.6350915731510678,0.7741962844157537,0.039751022231574895,0.9077665328676934,0.41313702461323476,0.1834965634265933,0.6093982823964801,0.2780340040192107,0.39476677744249955,0.4698865065666674,0.019331956800646987,191.81892316255568,747.5742133176434
48,0.49499076067656084,0.39379974852512134,0.16684586336015814,0.5021381986861916,0.5265388095869961,0.27077538790013567,0.7603267539449281,0.10862084823320241,0.16230450618685158,0.7419711087792721,0.5431149557770424,0.30660444260349284,0.5583379655338652,0.8424963066150987,0.6556265099481868,0.42472802281625904,0.42245329705935825,0.04694622958713649,0.23770977284856282,0.8639963468654662,891.8190915429785,484.4161067329891
49,0.1693277761968843,0.5011429371422329,0.20293908341727998,0.4617679462075996,0.8479013282146048,0.3278769199513769,0.24112389512198396,0.11459042074620063,0.6796167611157087,0.18637211528124661,0.9640105127189139,0.39387952581730423,0.10384485839621213,0.20344638284846814,0.32825323758097047,0.8219080815314944,0.6832015133174341,0.037756410266672674,0.43790084972597026,0.5989666678674994,157.25036958307433,725.7586124319423
50,0.3498551857530428,1.0,0.4626219471511418,0.23084998304133164,0.6508550466438423,0.40765656476055157,0.7736488304798503,0.5297407098001736,0.4274789157725069,0.5575089607800312,0.9982667372408236,0.4431105333337938,0.7816280880730475,0.25372407422710563,0.7780268889323017,0.9074234282444545,0.20502413348594356,0.7105038269905743,0.4095227334319312,0.08161234890740893,404.6922874371578,557.6834956176757
51,0.2003794010466999,0.40585346152613,0.5220179479116115,0.7681846280860417,0.026229943055712746,0.3436650613631081,0.9638463742408009,0.441556996203593,0.44151994129996736,0.5986460312883273,0.8217993161585179,0.7203950931933045,0.5292183788660086,0.17243080600281033,0.027656766065483274,0.11939887833119675,0.5372371602041209,0.6322561358479568,0.036785394268589185,0.079347750083251,267.0411917223819,990.8349296998846
52,0.4893801768348104,0.8712294584526535,0.7125444904381517,0.6005826285688373,0.8133075989471767,0.3936965478085516,0.6584475427473909,0.7646877334450574,0.23114018268871647,0.13153035555991896,0.31199826917782164,0.9558495834092716,0.2649576371329877,0.8770607503921751,0.7374663484298482,0.8707191596878806,0.4945950092611307,0.36885538699251,0.8035055810336625,0.9806132258808018,595.1002377571914,335.25414457182467
53,0.516758460428467,0.14668329635211425,0.9213583202941154,0.5483952769842994,0.15289643403512568,0.0490979933383816,0.7991574877710325,0.6622091035905987,0.5231408607508089,0.20772453393658552,0.4844022131182739,0.048470415215792734,0.27201726866221637,0.0698968712580524,0.1673790867805959,0.5798237970372752,0.8655584231632368,0.34839716584274355,0.017037774023641865,0.639931083819453,837.2348154354639,394.423632318439
54,0.7696044152143161,0.6460922103324991,0.026343659032173034,0.7743880771550078,0.8270431612741838,0.875550906468446,0.03554499577838916,0.6223539338845248,0.15687824912476336,0.5448421684829495,0.22143642156365562,0.7707646606150343,0.15755108903460277,0.26358293306900177,0.11265850435107291,0.9940612235280785,0.11434978535673906,0.05371848227435147,0.3508488212604185,0.9332365046421539,1147.4922323529406,85.90356342489399
55,0.12710330671025422,0.6109385482807754,0.724239620564759,0.7993700553612082,0.09989016654565969,0.5307379463522262,0.23573953956800367,0.6122188572922049,0.24775769999439234,0.4579598757721929,0.5584378526891752,0.791657102109867,0.394602185230588,0.006284081420951588,0.3073777420146186,0.6916222529625511,0.15464503140430724,0.2198685305125099,0.4197757642839478,0.053802169216276806,122.52608624574258,768.5248572830657
56,0.9821507372213492,0.43528169221658775,0.9089277722771444,0.6714522714563788,0.2866980700067412,0.5941306877613434,0.8969335859272208,0.913459213077849,0.3259042622918551,0.9591731925495766,0.5658666110159334,0.170305222954348,0.1102609201478304,0.5818105216283374,0.9304389232955683,0.08762435177839992,0.2968710021715216,0.5933532458048758,0.17620237893260582,0.2701199149232514,712.7322610995078,7.1557260796386375
57,0.4447766358835886,0.8659777581881571,0.61129625013502,0.8628772733259307,0.672079922944785,0.9125570257270318,0.7832139460955969,0.227979776856059,0.031008554338515654,0.8045714536248026,0.9554213210119277,0.5485515770651441,0.3784067476084048,0.020611974490466416,0.3149238734215205,0.7995897708712327,0.6294036215999723,0.6646438606733063,0.6348824115547715,0.7453339631949457,588.5132518008098,442.0262318038436
58,0.5579544128126296,0.5378165883264033,0.2673742706795109,0.739206692534387,0.9127471665823748,0.13180485604290645,0.3563631822636168,0.024780035304561687,0.41629797397894663,0.686450780235918,0.98913658502451,0.6243593712846144,0.20023470665205245,0.38185716561342636,0.924850440153052,0.9208655685831728,0.8308631421457836,0.08299657033550538,0.027980521213420675,0.004803073883500889,674.0878852506772,241.4851530616406
59,0.23904807181274418,0.5712145138340509,0.5779679880287227,0.5936193145709168,0.37941424547040375,0.9624642621033666,0.2593673196448117,0.7837509887033399,0.27698709517377873,0.10780446813028191,0.0271514398693798,0.6830767030246915,0.34266403062971285,0.5357161644365714,0.9084398155002515,0.7242172207487843,0.7317867399637906,0.9839123925761405,0.5903728844981363,0.18742144550507828,242.11604954272713,689.6368392803562
60,0.06705201195065186,0.844914123830964,0.5931427623645381,0.21020392628022347,0.4974034141235728,0.7417003821315153,0.5388168576340745,0.31929982696056347,0.9236531006138688,0.8735789842668045,0.7368958704385726,0.18133777113230576,0.9207977420987745,0.364319718215802,0.7572437697562161,0.4792531423291904,0.18268436229332916,0.2339425422911751,0.13629091423347767,0.739449396869349,96.19468248114133,955.5238767481806
61,0.7189517564391232,0.7661729742088673,0.4808753380840704,0.0807772014412029,0.7258637168203912,0.6320302380244865,0.024808510133850954,0.30546490276173643,0.34925040415636854,0.15956011033790113,0.8161191683833564,0.4253888996120103,0.23154647751407054,0.6148359413047797,0.6797050722385378,0.004154907613747476,0.9232902625851555,0.10168310310641107,0.3793988050872338,0.9991715707479355,725.3744972028313,81.50434174661972
62,0.594424163239032,0.6269595734661652,0.990848843272153,0.4102882165519849,0.47986040491868087,0.57891731890587,0.44245437629888185,0.18464047885776355,0.8824058948059711,0.7712707792701314,0.36729017973965356,0.6047958677735071,0.017514424489654606,0.6386103898912346,0.5318558789285431,0.9785732403224711,0.16482738308974246,0.5779484305037634,0.0994290176066489,0.7969225548602338,695.8004699172332,194.39562156742346
63,0.5223715606020127,0.7440398352525842,0.544580693145547,0.5682280452761768,0.6194774536788068,0.9548347825813622,0.5883456292593839,0.3475315269569803,0.7057597738653124,0.9487602310322669,0.5062768129724287,0.5956937703641205,0.3565616258690703,0.8161345282339332,0.06589752847177917,0.14512143247050027,0.3752490078595988,0.9288687669562345,0.6209793949689645,0.8325502909301447,814.1905267828225,369.6539549908115
64,0.7584553873139863,0.9511314409181757,0.4060818228540366,0.9072055312363357,0.007395964417883302,0.07019159041275828,0.9496199731737944,0.16239655864093613,0.7219240118812654,0.23450231067151953,0.9492940774274004,0.21521257153352225,0.5133844771782707,0.7996479819787653,0.3790114345762859,0.5260572158318882,0.6456488983652927,0.9787015122496506,0.9582152241532768,0.6868651387198212,974.5895706164797,79.94602770828074
65,0.29509479768685665,0.7711104379165079,0.557124722166252,0.1172254145410517,0.36058679821541295,0.7246073671562502,0.42718369099756553,0.6341036662905573,0.8758020878800047,0.25098415533457613,0.5931445957901867,0.5330913308413574,0.9742847292165234,0.9436322373129881,0.24964029913938696,0.054463972769879056,0.7154804868884231,0.7011445382395086,0.9692441044024496,0.47292667485460754,401.9328660779048,789.3985297506498
66,0.27065258168627643,0.9184339510428376,0.5637192394270785,0.7048360254437167,0.7883286177227157,0.2922351486452163,0.45101290043495423,0.27934162356914877,0.49371772060060093,0.3869560771021997,0.5170252536857685,0.7535002514446881,0.194776774941724,0.9233437215657868,0.8596898313241721,0.8588666070168517,0.6355413736226452,0.13325724726316907,0.2919344723151888,0.020679018213810168,297.5673508762099,686.3147445921597
67,0.32815073477660894,0.5796432033244698,0.28043819251916186,0.5838731490801723,0.6957863592863627,0.6614073098811146,0.4161513490989837,0.5405239285129503,0.7693407704571535,0.862000014002462,0.9720608579598807,0.5562116635469108,0.45102383932554135,0.8646314864951445,0.125107583932024,0.5153360006425911,0.31762443833166765,0.14106872461946837,0.7457075789794223,0.35685014138667903,496.0115229659674,785.9894989038606
68,0.5849528929765861,0.7351148024047457,0.739985939149413,0.008137612415130828,0.9593308094617979,0.8833789067339392,0.057256583608931697,0.6441627459970982,0.46449493440749035,0.883846792942327,0.6598381724008331,0.36755539751525695,0.6370536156489237,0.9890875162493747,0.22504808795587183,0.910232424444461,0.393755746538127,0.38881600592041554,0.5206160193471614,0.43807098335294714,886.0822470868277,264.23645058696087
69,0.2810020766265825,0.7831236813020421,0.5877485929690204,0.6233311932524643,0.518596010771758,0.09678317848699607,0.2746512171262293,0.28843514409280446,0.8400849314275316,0.06958602412895143,0.8396835078198738,0.16343794389270055,0.8694765367929541,0.674768165273858,0.6205064897803239,0.07933054266148,0.21743532402577387,0.7609616374557209,0.8522008338342587,0.8919946840621865,322.2134863416037,694.1041268510696
70,0.6689411049623303,0.6525405889860985,0.6438998879354448,0.40317609023396656,0.7058003453802256,0.4436863936081795,0.48623054578597663,0.5741875278032028,0.6361979518281659,0.27903357651598665,0.49624159820721864,0.07078093666938122,0.362134465443048,0.8380999323331374,0.8426499920112568,0.8646101557219154,0.48653535444629675,0.07394152587320499,0.9893660800130204,0.7250660764817763,852.1255232064184,139.8904339985679
71,0.7401319257878489,0.5654118437437853,0.3373562745929956,0.6414932574526164,0.10195226193961285,0.08717009853353005,0.5029300353173147,0.14895106496780772,0.7735210052989726,0.26208183514704386,0.16791992727083085,0.15781996881762397,0.7757370726093528,0.6974273012992981,0.9411679669256873,0.6445933889343065,0.5945602911096506,0.20569323716094584,0.7742873036938639,0.7805866947135798,979.0797638157454,93.09887542235637
72,0.05801508242617798,0.6716954872586184,0.9548075640865488,0.03244181147095773,0.46741127564379087,0.9868109419909199,0.4066907234639544,0.8276897211553863,0.8046479960752946,0.5365139074171573,0.46021334275090886,0.5160974550074127,0.2829708817400795,0.8208573217648607,0.5511169161466848,0.9358668789128625,0.9595835197091918,0.8335155746805089,0.6480173425306561,0.17944166863947122,106.50165303937612,1136.7255186851949
73,0.181237731559253,0.3331868660260422,0.7598841329065196,0.7581929196434884,0.3118557577416427,0.9011384799146762,0.17573241183702612,0.09705250470289409,0.08933171922456977,0.6077813466784695,4.7799931774977766e-05,0.28789971167608286,0.026685133608409052,0.05525816424564618,0.8769777418033391,0.17336860848724012,0.2895832276266486,0.9412762948445633,0.9453762172488344,0.6121368085176527,165.78097132951174,703.2122712587083
74,0.5644574870024801,0.5503750862300488,0.7947230123206798,0.9628971944803104,0.18208550574938712,0.7317912767033388,0.6451593313498951,0.3341342070015889,0.38843469306875045,0.5783328753116261,0.11964199835460174,0.11670015694574352,0.687415267831337,0.19541117997116203,0.19113436288048133,0.2526688833815598,0.728159630670653,0.551751754734663,0.368109043366619,0.12808526032246462,709.5247445896728,243.2714549393467
75,0.0,0.5137298374779898,0.9477933435559412,0.02338148096794296,0.660762799839859,0.9223990108932832,0.9033876146129436,0.45657866427798377,0.33692392681124533,0.9799198408226522,0.2797534171577488,0.5089498707210165,0.051221075977203254,0.1361821343636826,0.46387723069563647,0.815344444447923,0.3091279132742174,0.7983773982469816,0.6544851206540235,0.400580403070323,12.442978976497267,1074.815733134519
76,0.37766818732879065,0.38166759776373027,0.21212810835750331,0.8744153138115103,0.07961981348909172,0.3571165177000438,0.19344119020762351,0.8878448809413718,0.29514620762663163,0.7246303256618888,0.6830329448569031,0.025402676247926883,0.6007935750373385,0.5298864374161939,0.8890029543267871,0.7716471192203118,0.451521081214122,0.9966565946809004,0.5726126513570756,0.853774264299673,422.96653916759806,487.7927087127234
77,0.4063288089369146,0.7582533025363289,0.3809268996883354,0.42119907884416913,0.8331795404510709,0.5411079026621776,0.9383619401714153,0.4027423287069107,0.22362489826386922,0.7924040766318821,0.3975401454818599,0.24653120495345704,0.22494621802578124,0.57893255392096,0.6870310256743847,0.41321556384930885,0.4673409881778069,0.11481389835042027,0.2196796502791442,0.39973325155351574,404.2122836659913,388.20818075894306
78,0.6578320496291108,0.7774506380241888,0.9361434517868522,0.1992037696656083,0.4893431191291627,0.2127689128290185,0.9175710872327316,0.2022718859448387,0.5939854141900563,0.963856094482833,0.7449367413266376,0.8064798944282121,0.17682816611704202,0.0405570104403693,0.2670473159237652,0.28896781764204993,0.8219459982808444,0.608412028801846,0.7190638677781708,0.06790986891929852,682.4520049546969,121.5616076572072
79,0.8896061940650913,0.4826640531420313,0.19737704637489922,0.8078141068099823,0.21880475853475675,0.613226293163874,0.33633515161055577,0.07663326617230953,0.8279610810857665,0.6493767092235052,0.42521233796910124,0.6728099755674926,0.7264160336935725,0.6055810169960133,0.96156424052508,0.6872224053617612,0.5706709532612645,0.5875626319377791,0.3829901441115691,0.3843732004015979,805.0915668317043,20.71968264388634
80,0.4430289296020385,0.8527717013010012,0.8044475998148051,0.9190901009479139,0.22768568323584684,0.6090197024063203,0.26325959227699997,0.04914045186084638,0.43512022305578035,0.6941001201792236,0.5287937440864131,0.12739745882438674,0.7048900213209415,0.4278749607473764,0.09843091631713809,0.9462938982567456,0.43569103607766624,0.24389491097758964,0.4546424474944454,0.5439362103899814,620.1258278993605,471.0173538511094
81,0.41548622747856223,0.5390712484331205,0.14738430539936792,0.6104993959527316,0.7141685707405432,0.9951032372748514,0.7101029838349953,0.13924887528744656,0.06188112858401605,0.44750487083687224,0.2918738390325213,0.9364183346457583,0.08496775331926266,0.18894814967779433,0.28506760155385863,0.24936590501378803,0.5417372597163339,0.7761283212274986,0.32750004540040284,0.2634859786545328,551.813376346598,499.8673958331107
82,0.6980348337230583,0.5071238154856523,0.11677305190880331,0.9945186069756444,0.566176467471344,0.2637989655445585,0.10345922087465113,0.7941261285605729,0.19714045290850046,0.8594686343663358,0.15989607177473913,0.19646748828436128,0.6780158789885418,0.5497153429551705,0.9182539556933306,0.10161516945900148,0.40873959438299257,0.7569713369847585,0.4298355300455605,0.3073892704351109,741.4584526365074,97.8682725558269
83,0.6084656533190637,0.20112116665770818,0.04148394669023861,0.29308019805105723,0.9246229418941512,0.9405673087598602,0.8475726801952176,0.24782803623627825,0.10962358969595315,0.838363756064705,0.8712878157282744,0.8431339227398543,0.5929296415444025,0.4329753840890594,0.6454070439187409,0.014216316161598967,0.07297557423192895,0.8195859821426027,0.9999143528471538,0.3222695820377525,942.1149529677169,238.74540713285398
84,0.24098828646044965,0.7090674446672358,0.8802244723054164,0.8428268331229062,0.1343749575375319,0.3772571235271532,0.29555066842051636,0.39966126306441685,0.6000950251039965,0.6676947252290929,0.4144680967951124,0.6364623561495993,0.6134886976822242,0.9356434001426224,0.8006838727809392,0.6219981883048012,0.17446076825694695,0.42486681471330384,0.1203721146372863,0.8062191054830327,202.6016536215609,569.5879335630239
85,0.6715955057930065,0.563019612499126,0.32089583735427163,0.13764982135674922,0.12483634698096502,0.42477457974218463,0.04992644425113834,0.41086080774227085,0.8649135425032723,0.07888381364106943,0.03277362132927347,0.8388716617132588,0.13068404251939283,0.11176466483014655,0.44193430001958955,0.5328339570341734,0.7096715889515898,0.4734569509268175,0.8358470273358662,0.5254543329193676,1027.922334136928,165.46979216669442
86,0.3839094436578182,0.7958990526540922,0.9127344216810045,0.6964186645301698,0.050214167541593344,0.6716325921075418,0.476391550919896,0.23694707719265193,0.3168985926681267,0.9233345091187046,0.30763921996462057,0.856467436101306,0.09295465908465529,0.7152607821523392,0.3880042201270541,0.49402435966704794,0.9051640454382914,0.09550994481561705,0.6010622545908006,0.33191294431277885,360.61508176514894,399.6294574320351
87,0.11460282892145718,0.6207313732804576,0.6734055642012374,0.444757123234904,0.9023995780491704,0.6469548973869926,0.09990408364067194,0.8115911767573274,0.21859933658284622,0.4871778426141188,0.9043036142485517,0.25667067865492577,0.8048955925410421,0.5679108702679075,0.3549123424184373,0.9656329257206909,0.09604497771735623,0.16708689051111622,0.33582458183660135,0.6941899116429553,124.67036819912335,858.4373977512471
88,0.9261542413062377,0.4515481435241797,0.8677609679402065,0.1839233531005896,0.9856711793249954,0.6535724772429008,0.831518240945822,0.9379966473199762,0.7349283904653965,0.4955603800516101,0.28141588491907715,0.3281115488516295,0.18870539619083804,0.5542534082168138,0.6085416400864495,0.3585958928057837,0.2542533157001407,0.9115359610284811,0.16415553729492535,0.11435872420865555,1086.69782370208,19.538716851836202
89,0.15004710619691766,0.29232508196606544,0.10186018968295439,0.14592501881783435,0.7453023945359186,0.301721898812279,0.30795346307031307,0.26145491522205944,0.9998521898955433,0.8112486572293827,0.7124862837976327,0.7147537493178658,0.5458807462432357,0.783279939519169,0.6337188573712137,0.591706110723445,0.9702579739299558,0.4942667160908454,0.3449725911199482,0.24032685826729003,152.85492205276705,810.3089211091601
90,0.42101843836876446,0.38719852617364403,0.9645063498559536,0.9340280382762333,0.2741802259094744,0.5851275841997547,0.5117054982937403,0.9503269876044749,0.6533485386826351,0.12123459986960246,0.2006268276346941,0.26967901638812847,0.5340654517901465,0.4897280142014614,0.8983340612591744,0.7865768611723813,0.33000330019970725,0.827830716417993,0.7258067306027343,0.346987247518461,587.5011462334206,513.7170931848974
91,0.43174448138851146,0.8160471381773771,0.22416777357129222,0.4714578716227412,0.9491079898474464,0.8676572452585671,0.5459799302634902,0.4681581842477469,0.5515834206244634,0.8982490173220988,0.18921211255206236,0.6965891771528084,0.9438883173001706,0.9019370631012966,0.17347898079851298,0.6586043535481503,0.4790390667239561,0.28870984741768013,0.06739917234446478,0.6554782110632403,658.7008797549189,537.8035260022806
92,0.23106645450344715,0.08103577952368113,0.15276253220652491,0.7284436708789007,0.9969554227049808,0.120322499051823,0.7046917925802233,0.5107819610847567,0.9153244194906515,0.41469967079316505,0.9361859033754071,0.9679689786190862,0.6225580334280293,0.24948126111036797,0.5626721898962749,0.06931976050936405,0.030536029514115874,0.8855434226474992,0.768179127921596,0.10649990823923278,244.21461701340107,734.1908480408459
93,0.4603603658496909,0.47426266627027125,0.45218062868629805,0.57285473450238,0.1711698397550884,0.06789675344202188,0.3415112766066823,0.5056897407678301,0.12196454707908778,0.024004445674763373,0.6137727842242044,0.4847487874135855,0.9570678431364593,0.15542083788720554,0.4202777764039756,0.7108590026371248,0.5199379868917815,0.6827537726887913,0.8674243205683575,0.5187808402119597,632.2992637770093,429.68621830132827
94,0.5377811246506893,0.460548219160954,0.6659073477001314,0.3594844803111434,0.3394756806608533,0.5647728089628328,0.6272801187127665,0.9636137748652102,0.9584130193978561,0.40240859565971643,0.32147373483728287,0.9982266342474222,0.2515483768906025,0.7725329618743201,0.03567955748254235,0.8836312027952498,0.9690897352822039,0.3327944911902793,0.4725015439297368,0.1452240266528084,960.1086220221017,393.6331288895748
95,0.850236277661483,0.6413546651224081,0.7757301887294464,0.657722397307232,0.19093496211889024,0.10014969053540969,0.6305460893235084,0.29818115530082584,0.04305771366720927,0.5113537503339387,0.24679575663028883,0.3377073062250501,0.966091674353478,0.2817256675505885,0.1372455344182949,0.48443408736547944,0.5880101094708736,0.6442345677407156,0.5685992889125657,0.9768643243298543,1007.3421150018572,37.462261145217035
96,0.33069835042629087,0.6713002627924702,0.08726857707106794,0.31701998090538114,0.8051291819206142,0.7759643207640383,0.6635961333923056,0.8309554707613385,0.548367404717651,0.24957426852784584,0.17027018274544556,0.9273892719162653,0.7496020034517236,0.9150083179733626,0.8363673201971727,0.5021040802443907,0.6788807059815215,0.6957046331375532,0.447753039467545,0.5830040244616341,425.11328269830625,662.6595003491087
97,0.22140312236363432,0.36047676244489113,0.6070491118496707,0.26031793291964583,0.5932740652065667,0.46215231334151574,0.08171681358211207,0.6595681010623746,0.09019603428713396,0.4341431169710248,0.6368466854127571,0.37999681927381374,0.24483686277667283,0.6685874178759822,0.47493786860433124,0.23621862000904106,0.9884430905603181,0.5151713283870901,0.2653428739120365,0.7196931097592608,245.93695091697646,789.6141020678933
98,0.4291712129158797,0.548636912787994,0.7671486864104757,0.1520373016081348,0.7541814025540777,0.6911896119516321,0.9758281172665494,0.7725279317704249,0.7984684802245744,0.47606022184614727,0.6712195217798377,0.977815854133288,0.6620003331010497,0.3194556274950588,0.7068515491027151,0.8453047364024961,0.23923098974263565,0.9004640791969432,0.5057572451074579,0.9044489258342335,507.5916999333552,421.30618488398426
99,0.3617985107063951,0.6883913196738094,0.6940372570521289,0.45099752940822546,0.5740236230240832,0.9766925896033795,0.594273783478442,0.065685426253779,0.050711922227716776,0.4221589337868884,0.014759209969915872,0.9195801509821031,0.8167128733103396,0.39433096701980314,0.7860755034339707,0.7497621285454814,0.2245505814326477,0.5315488637041271,0.5477384593080155,0.15601227019681438,474.15975337207124,605.2530333351635
